fake1 21.004969 105.845719
fake2 20.981515, 105.856279
fake3 21.038490579424288, 105.81389073033496
fake4 21.01207016235389, 105.81647932106165
fake5 21.00150687302045, 105.86977630355126
fake6 21.021558755981072, 105.85316591334669
fake7 21.08259434307913, 105.82052378651035
fake8 21.018492713263196, 105.80077561060351
fake9 21.026568076083734, 105.84511296367963
fake10 21.017483262157207, 105.82716174267807


123321 21.017483262157207, 105.82716174267807
2244 21.017483262157207, 105.82716174267807